3365559412
3365555471
3365551200
3365556907
3365552338
3365554917
3365553997
3365554464
3365556170
3365557490
3365553870
3365557402
3365557142
3365553342
3365555630
3365559854
3365553803
3365552760
3365556969
3365551508
3365551420
3365553034
3365552054
3365559199
3365555744
3365557702
3365558433
3365555002
3365552433
3365553050
3365552800
3365555370
3365556359
3365556938
3365555975
3365554826
3365551082
3365556146
3365551076
3365554848
3365551142
3365558407
3365559591
3365557696
3365555846
3365551501
3365557757
3365551304
3365556519
3365557070
3365558530
3365552802
3365555480
3365558780
3365552767
3365556047
3365557480
3365559636
3365559845
3365553253
3365552719
3365559419
3365559790
3365559491
3365553208
3365558372
3365553705
3365552652
3365552816
3365553427
3365553145
3365558139
3365557632
3365558592
3365552938
3365552492
3365558027
3365556047
3365551458
3365557365
3365554038
3365553510
3365559891
3365559391
3365556542
3365556531
3365559089
3365555100
3365557857
3365556088
3365554166
3365559399
3365552298
3365552221
3365559695
3365552615
3365557611
3365551817
3365559451
3365552388
3365552305
3365558275
3365555492
3365556940
3365552766
3365555148
3365558736
3365559708
3365554122
3365557203
3365556471
3365551244
3365554705
3365555060
3365558338
3365553991
3365559506
3365557293
3365552853
3365555940
3365559939
3365552645
3365553579
3365557257
3365551856
3365553960
3365553322
3365558565
3365551249
3365558536
3365559707
3365558702
3365555739
3365558979
3365551095
3365555475
3365555505
3365557347
3365558136
3365551110
3365557548
3365556124
3365557027
3365554914
3365558712
3365553850
3365553270
3365554075
3365554344
3365553574
3365558874
3365558845
3365556507
3365556733
3365554049
3365555636
3365553805
3365559240
3365554950
3365552163
3365559088
3365556897
3365553970
3365557819
3365559849
3365555665
3365554915
3365559841
3365554491
3365558289
3365554226
3365556970
3365553508
3365553692
3365555356
3365553779
3365552862
3365559170
3365553607
3365553859
3365558693
3365557215
3365553232
3365557862
3365551866
3365557601
3365553970
3365551556
3365558561
3365553261
3365559222
3365558135
3365558289
3365554877
3365553748
3365555868
3365556283
3365559138
3365557877
3365557810
3365551831
3365551625
3365558846
3365557325
3365553861
3365556386
3365559506
3365552451
3365556223
3365557507
3365551646
3365555717
3365552263
3365552739
3365556110
3365551775
3365559790
3365559236
3365551174
3365559927
3365552261
3365557855
3365557005
3365552805
3365554256
3365555118
3365557890
3365554985
3365557676
3365551109
3365557626
3365553696
3365555086
3365553675
3365552966
3365553604
3365559710
3365554440
3365553238
3365553953
3365552394
3365556411
3365558665
3365553538
3365551748
3365551913
3365555001
3365553933
3365559615
3365555721
3365554770
3365551402
3365557901
3365555075
3365553476
3365555857
3365552147
3365553338
3365556177
3365552297
3365551971
3365551319
3365551540
3365553826
3365555275
3365559631
3365555546
3365554618
3365559200
3365558803
3365553211
3365557672
3365556399
3365555076
3365558125
3365553211
3365554692
3365557722
3365555692
3365554695
3365554022
3365556152
3365556052
3365556551
3365552993
3365557346
3365555703
3365559489
3365559359
3365558872
3365558297
3365554683
3365554350
3365553623
3365556729
3365552869
3365552763
3365554039
3365553621
3365559523
3365559688
3365555005
3365556189
3365556288
3365555650
3365557120
3365558697
3365555304
3365554100
3365551599
3365553988
3365558321
3365553733
3365557953
3365558478
3365555541
3365559750
3365552345
3365552562
3365551130
3365551859
3365555488
3365558042
3365558676
3365555355
3365556365
3365551518
3365556280
3365558182
3365556560
3365553335
3365551680
3365553681
3365559267
3365559772
3365551845
3365556864
3365553194
3365553362
3365554382
3365558692
3365558791
3365554442
3365557013
3365559597
3365551220
3365554526
3365552558
3365556083
3365554283
3365557138
3365558307
3365559733
3365555771
3365555201
3365557312
3365551946
3365551663
3365556241
3365557137
3365554780
3365556718
3365551687
3365554840
3365551881
3365551120
3365551307
3365551595
3365557535
3365555153
3365553845
3365558867
3365553571
3365556575
3365558433
3365555807
3365555151
3365551565
3365558022
3365551640
3365551811
3365555023
3365559773
3365553688
3365559701
3365552015
3365552409
3365559482
3365552383
3365551740
3365554743
3365553650
3365554806
3365559984
3365553168
3365558347
3365553303
3365555670
3365552719
3365552413
3365553310
3365552701
3365554707
3365559609
3365558639
3365558565
3365555588
3365558203
3365554134
3365553059
3365554598
3365556725
3365556466
3365556011
3365558254
3365554232
3365551155
3365557025
3365553720
3365559233
3365554336
3365555637
3365551689
3365553090
3365552988
3365555730
3365554354
3365551233
3365555246
3365552858
3365554497
3365553568
3365553854
3365555826
3365555587
3365554924
3365558590
3365558361
3365552647
3365557913
3365551139
3365551945
3365551718
3365552882
3365554393
3365557379
3365559057
3365558714
3365559584
3365553827
3365551544
3365551272
3365559095
3365554124
3365555860
3365559516
3365555660
3365559265
3365553102
3365552530
3365553270
3365557547
3365556315
3365554412
3365554035
3365559570
3365553263
3365557285
3365554808
3365553922
3365555458
3365557670
3365559444
3365559832
3365555542
3365559661
3365559956
3365553749
3365556165
3365554571
3365554942
3365551589
3365558123
3365555522
3365553624
3365555209
3365551109
3365556835
3365557681
3365551509
3365558615
3365552971
3365559990
3365552911
3365557254
3365558068
3365556884
3365551205
3365558825
3365551108
3365553345
3365555088
3365551805
3365553323
3365556292
3365558959
3365552692
3365555042
3365559628
3365554706
3365553283
3365559229
3365555843
3365558203
3365552707
3365558570
3365556938
3365557012
3365559416
3365551475
3365552890
3365558303
3365553337
3365558311
3365555644
3365558553
3365558365
3365554665
3365552225
3365559531
3365556295
3365552560
3365555645
3365559357
3365551380
3365553159
3365559820
3365551707
3365552719
3365554663
3365551750
3365559283
3365555245
3365551454
3365552847
3365552753
3365552906
3365551729
3365552817
3365558206
3365551827
3365558120
3365554096
3365556607
3365558599
3365558070
3365556244
3365551277
3365552106
3365551160
3365558952
3365553278
3365552334
3365551846
3365555400
3365559684
3365554235
3365552520
3365557635
3365559039
3365556161
3365556374
3365559119
3365551511
3365552223
3365552440
3365556185
3365551736
3365559806
3365554338
3365559779
3365551132
3365557950
3365553252
3365555796
3365558908
3365555109
3365552076
3365556693
3365557225
3365555346
3365551558
3365559989
3365555174
3365556081
3365552947
3365554995
3365552031
3365553274
3365556847
3365558668
3365554815
3365556151
3365554292
3365553221
3365557449
3365551395
3365559830
3365555898
3365556896
3365551072
3365555315
3365556819
3365557179
3365554759
3365558473
3365551609
3365559326
3365551291
3365553565
3365555410
3365557153
3365554378
3365555983
3365559911
3365559292
3365557616
3365556211
3365551335
3365559443
3365554890
3365555103
3365558633
3365554723
3365556642
3365551521
3365554359
3365557157
3365557290
3365557116
3365552754
3365553753
3365554284
3365553725
3365551079
3365556565
3365558748
3365553066
3365557718
3365557925
3365554307
3365551896
3365553288
3365551541
3365552495
3365552012
3365554357
3365553295
3365553198
3365553640
3365558032
3365558713
3365551249
3365554288
3365553461
3365559066
3365559762
3365556489
3365558696
3365558389
3365552320
3365553903
3365553893
3365559482
3365555395
3365559452
3365553087
3365552427
3365554782
3365559646
3365559198
3365551716
3365554600
3365556366
3365559869
3365551314
3365552971
3365551413
3365557767
3365554110
3365559065
3365553616
3365558600
3365554167
3365554926
3365558929
3365553096
3365557456
3365553420
3365558478
3365558071
3365552477
3365554969
3365559514
3365558636
3365554396
3365557693
3365553580
3365559576
3365557763
3365552162
3365557734
3365558284
3365555245
3365551266
3365558966
3365556022
3365555256
3365556763
3365558582
3365551333
3365553256
3365554393
3365556726
3365557492
3365551627
3365553419
3365552765
3365552886
3365551090
3365555346
3365553593
3365555247
3365555253
3365551660
3365556859
3365557441
3365554929
3365552505
3365554147
3365553148
3365554372
3365555707
3365552130
3365552276
3365555422
3365559727
3365557163
3365556646
3365558294
3365558447
3365555700
3365551062
3365556222
3365553959
3365556560
3365555938
3365557561
3365553111
3365552156
3365554634
3365558795
3365559705
3365556830
3365554387
3365556362
3365559668
3365558778
3365554754
3365557942
3365553511
3365553067
3365553324
3365551964
3365553401
3365553665
3365556529
3365551031
3365558636
3365556438
3365555012
3365552628
3365554341
3365559297
3365552390
3365556008
3365558095
3365558895
3365559972
3365556975
3365552066
3365554375
3365557350
3365557905
3365551530
3365556423
3365559317
3365551822
3365551547
3365556028
3365559009
3365557007
3365559348
3365558729
3365555443
3365554699
3365552399
3365554729
3365554464
3365552581
3365555836
3365559107
3365555578
3365557614
3365551743
3365553505
3365554927
3365554428
3365559227
3365559992
3365558825
3365557892
3365552399
3365555910
3365554714
3365558256
3365556994
3365552427
3365554889
3365551219
3365554956
3365555215
3365552870
3365554324
3365556405
3365554157
3365558965
3365554335
3365554760
3365553375
3365553282
3365558960
3365559438
3365555658
3365554805
3365551862
3365559716
3365552061
3365558850
3365556843
3365557831
3365553494
3365558686
3365555616
3365554835
3365551832
3365556970
3365558030
3365559639
3365559405
3365553292
3365555303
3365555291
3365558994
3365559884
3365554629
3365554843
3365557503
3365552842
3365556457
3365554272
3365557583
3365553311
3365557076
3365556816
3365555731
3365552111
3365559418
3365557889
3365557545
3365555539
3365553998
3365553693
3365551737
3365557547
3365555522
3365554125
3365558485
3365555952
3365555696
3365558152
3365554887
3365552857
3365556532
3365556464
3365556687
3365552666
3365556858
3365552634
3365557550
3365555487
3365558102
3365551777
3365556616
3365553329
3365555934
3365554340
3365557632
3365558852
3365559297
3365551501
3365555315
3365558170
3365559924
3365557433
3365557300
3365556325
3365556985
3365557820
3365557215
3365556557
3365552703
3365552291
3365553142
3365553177
3365555196
3365557246
3365559829
3365554416
3365558807
3365557776
3365557506
3365552753
3365558453
3365551595
3365551546
3365558554
3365559513
3365555253
3365558824
3365559197
3365553800
3365555645
3365557243
3365554396
3365558489
3365552047
3365551516
3365556074
3365559352
3365554129
3365552299
3365558108
3365553577
3365555302
3365557442
3365558131
3365558924
3365555557
3365555641
3365551750
3365552200
3365553176
3365552817
3365557280
3365551342
3365552693
3365555530
3365559845
3365551844
3365557393
3365551036
3365555731
3365556667
3365555509
3365556336
3365552175
3365558778
3365555486
3365551435
3365555008
3365551745
3365552496
3365557014
3365555689
3365555155
3365554961
3365552948
3365553431
3365552030
3365554243
3365559967
3365557016
3365554859
3365552852
3365552798
