1995
1982
1998
1971
1999
1976
1990
1978
1994
1992
1993
1970
1987
1991
1996
2001
1980
1975
1985
1973
1997
1986
1981
1994
1999
1989
1979
1995
1972
1983
1990
1991
1996
1984
1997
1988
1993
1980
1994
2001
1995
1987
1990
1977
1992
1974
1996
1998
1999
1991
1995
1981
1987
1993
1990
1985
1980
1982
1998
1996
1991
1999
1986
1989
1994
1995
1997
1993
1994
2001
1988
1999
1997
1981
1992
1985
1996
1973
1979
1980
1999
1990
1994
1998
1984
1999
1989
1976
1985
1987
1979
2001
1983
1996
1995
1982
1975
1981
1992
1984
1999
1987
1978
1990
1977
1994
1991
1983
1993
1972
1995
1998
1996
1991
1987
1999
1982
1997
1986
1989
1974
1980
1995
1990
1991
1985
1983
1997
1988
1999
1981
1992
1980
1986
1978
1996
1997
1991
1994
2001
1993
1987
1984
1989
1996
1985
1990
1981
1992
1994
1997
1988
1972
1995
1990
1975
1999
1989
1991
1977
1993
1984
1998
1990
1996
1976
1987
1983
1997
1995
1991
1994
1999
2001
1981
1990
1988
1993
1997
1986
1995
1987
1999
1991
1994
2001
1981
1979
1995
1984
1993
1996
1989
1987
1997
1975
1992
1999
1974

